57 10 86 ;
51 24 98 ;
58 46 80 ;
97 74 100 ;
69 94 96 ;
1 42 90 ;
23 48 35 ;
30 47 1 ;
52 32 12 ;
80 13 94 ;
55 44 14 ;
48 90 96 ;
17 27 88 ;
74 72 5 ;
3 5 55 ;
7 91 55 ;
18 55 23 ;
68 21 30 ;
85 21 57 ;
79 0 62 ;
61 44 99 ;
9 96 21 ;
94 11 33 ;
14 9 93 ;
76 60 16 ;
25 91 23 ;
41 94 24 ;
75 16 65 ;
57 75 100 ;
8 29 62 ;
19 51 65 ;
84 25 58 ;
67 73 80 ;
93 74 83 ;
57 58 12 ;
87 12 44 ;
19 74 66 ;
25 77 96 ;
42 20 30 ;
15 82 53 ;
32 86 41 ;
40 56 52 ;
86 4 96 ;
40 90 80 ;
32 81 1 ;
56 73 68 ;
6 53 88 ;
12 53 64 ;
10 40 70 ;
16 77 77 ;
15 93 94 ;
85 35 23 ;
9 81 30 ;
62 17 70 ;
47 79 36 ;
95 10 12 ;
78 67 4 ;
77 85 25 ;
42 52 68 ;
76 4 15 ;
98 16 17 ;
78 37 98 ;
39 39 6 ;
37 1 86 ;
61 99 45 ;
63 0 98 ;
18 89 94 ;
88 71 69 ;
22 72 35 ;
1 32 1 ;
12 4 41 ;
46 18 76 ;
58 58 61 ;
89 77 17 ;
5 60 38 ;
26 91 74 ;
53 80 54 ;
45 79 68 ;
43 32 90 ;
36 22 34 ;
28 44 88 ;
17 29 39 ;
93 49 58 ;
85 31 28 ;
49 34 72 ;
30 42 98 ;
99 97 7 ;
75 16 4 ;
61 52 47 ;
74 80 71 ;
44 7 12 ;
58 43 83 ;
57 39 19 ;
83 99 67 ;
25 88 47 ;
38 41 7 ;
12 53 37 ;
17 22 69 ;
98 16 65 ;
12 6 6 ;
